function z = objective_function(x)
a = 4.2*x(1) +2.42 *x(2) + 10.86*x(3) + 3.98*x(4);
b = 0.339*x(1)+0.306*x(2)+0.258*x(3)+0.258*x(4);
z= a./33.5 + 32.5*b./33.5;
